25 12 41 30 22 42 51 45 31 36 20 35 27 18 33 46 23 4 15 1 6 29 14 16 11 44 26 32 38 47 19 5 0 3 2 28 13 39 24 17 50 10 8 21 7 43 48 40 37 9 34 49
15 3 47 1 7 30 42 26 48 13 10 34 19 31 25 12 2 45 27 39 35 17 41 22 4 46 28 43 40 16 51 49 18 6 21 9 5 36 20 38 32 29 44 14 8 23 11 37 0 24 50 33
39 0 13 28 22 11 14 38 46 18 48 3 21 9 19 24 40 35 16 8 49 7 23 25 5 20 32 34 27 41 26 29 2 30 42 31 33 43 50 44 10 15 12 17 6 47 37 36 4 51 1 45
8 16 14 5 35 22 13 28 25 49 0 41 46 27 32 42 38 33 12 20 10 48 9 1 31 34 23 24 40 37 18 4 6 26 51 3 29 45 44 47 30 19 36 50 39 11 21 43 7 17 2 15
48 0 8 22 19 6 50 17 7 11 12 28 4 43 21 34 5 18 33 14 29 13 44 9 25 51 36 42 10 23 3 41 31 30 26 2 47 15 38 32 1 46 16 35 37 45 40 27 20 49 39 24
46 50 49 30 10 23 39 33 28 9 13 29 26 24 37 16 21 11 3 14 31 40 34 35 48 0 19 38 4 6 51 47 25 20 18 44 22 15 42 45 8 32 17 12 27 43 1 41 7 5 36 2
34 49 36 9 6 22 2 10 0 17 32 42 46 25 16 37 11 43 35 13 4 38 40 26 41 3 8 44 29 30 20 28 5 50 45 47 12 7 48 15 33 39 23 24 18 51 27 21 31 1 14 19
11 31 39 46 40 27 36 4 44 33 20 19 24 18 14 7 51 9 22 47 38 5 50 26 15 30 12 0 17 32 8 3 13 29 2 41 43 48 23 49 28 42 16 34 45 21 1 35 25 10 6 37
15 6 11 49 7 21 18 50 26 16 17 36 28 5 24 9 13 51 12 4 37 3 14 10 29 42 23 35 47 19 43 46 34 20 48 2 25 22 40 30 31 0 45 1 39 38 32 8 33 41 27 44
48 19 4 12 40 23 1 35 50 16 38 10 20 0 49 17 15 34 31 43 24 21 30 41 45 18 27 26 32 2 36 44 14 33 5 42 47 7 29 9 39 46 51 37 22 11 25 8 3 13 28 6
45 25 40 30 50 6 13 51 34 17 3 26 28 27 44 49 37 1 4 19 10 8 48 39 43 15 32 22 41 21 12 9 2 35 33 31 46 5 36 24 42 0 16 11 20 29 47 38 23 7 14 18
27 21 48 0 33 36 47 30 23 17 49 51 13 1 34 12 24 39 22 18 2 6 26 8 3 9 5 43 45 37 50 38 7 20 10 16 29 14 35 15 11 41 32 42 19 31 28 46 25 44 4 40
39 30 28 49 18 32 45 42 14 36 38 12 15 19 29 3 8 37 35 22 50 41 43 9 44 51 10 25 16 47 33 13 26 21 17 5 46 1 2 4 6 40 0 27 23 20 7 31 11 48 24 34
37 39 22 3 26 6 12 2 45 5 36 18 19 49 41 1 40 21 42 14 43 4 0 46 25 20 7 32 11 27 9 15 23 51 33 29 28 48 44 35 13 31 47 34 16 10 8 30 50 24 38 17
26 41 3 43 0 22 14 42 8 50 30 19 16 46 20 23 17 6 49 21 15 36 4 32 27 12 40 2 28 1 48 9 37 35 38 47 25 5 10 11 31 33 29 44 24 45 7 18 13 34 51 39
3 4 47 30 26 11 46 25 29 37 40 50 24 2 36 51 22 32 0 42 35 38 17 13 9 20 16 31 27 7 45 49 44 39 43 5 19 14 1 41 6 18 8 48 28 34 33 21 10 12 15 23
32 5 25 22 49 51 1 36 41 46 31 42 19 8 48 16 7 47 4 33 2 34 13 39 50 20 14 18 21 29 6 3 27 12 10 11 9 23 35 40 45 37 24 0 44 38 43 17 28 26 15 30
42 40 26 50 15 45 32 31 7 17 11 39 51 20 33 21 37 35 48 2 5 22 27 34 30 44 25 29 36 16 4 3 9 1 10 13 41 46 43 18 24 38 12 0 19 28 47 8 14 49 23 6
14 27 34 35 5 37 32 8 16 22 17 43 31 51 13 23 18 21 25 48 45 50 36 40 6 44 2 33 3 38 20 47 46 39 28 24 4 9 41 7 15 11 0 12 42 19 30 26 29 49 1 10
21 29 16 50 12 47 40 44 49 48 8 43 27 11 0 32 10 9 42 51 18 20 1 33 6 30 25 41 24 4 2 17 38 39 23 13 26 46 37 19 28 34 15 22 5 14 36 3 7 31 45 35
27 41 7 19 30 1 13 47 43 26 14 29 33 20 37 8 38 24 23 50 48 28 42 16 51 2 0 12 35 21 3 31 36 34 40 6 9 39 17 25 10 15 49 45 5 4 32 18 46 44 22 11
26 8 27 18 22 37 42 9 43 14 11 49 17 45 12 35 30 15 39 0 50 1 7 4 46 32 40 21 2 44 5 41 19 48 33 16 31 25 23 34 24 47 51 3 13 20 10 6 29 36 28 38
29 35 30 28 50 0 19 13 34 3 51 9 38 26 32 39 33 20 6 5 12 41 21 22 48 49 43 11 1 25 23 47 42 15 2 14 4 24 8 46 17 37 40 27 31 18 36 7 10 44 16 45
2 9 39 46 38 17 14 35 22 28 32 0 50 23 20 4 7 29 25 3 21 5 27 18 19 49 51 44 13 24 48 42 6 33 10 40 1 26 45 31 47 15 16 37 41 11 12 36 43 8 30 34
7 51 11 32 19 16 30 41 5 21 6 20 22 46 38 36 18 3 29 49 31 35 14 34 13 10 24 17 37 12 28 26 1 0 9 48 40 50 44 39 45 8 33 4 43 15 27 47 2 23 25 42
42 5 37 35 20 14 9 49 34 4 32 18 38 12 6 31 16 0 13 2 30 50 46 48 36 33 27 25 44 29 39 17 21 7 24 3 51 10 11 45 26 47 1 19 41 28 8 22 15 40 43 23
29 6 41 39 38 17 47 8 35 50 4 18 24 16 34 5 27 23 28 2 7 26 32 36 49 19 9 45 13 14 40 0 10 37 51 15 30 48 21 46 1 25 42 44 11 31 43 20 3 33 22 12
15 38 49 20 31 43 0 9 44 22 33 11 50 26 29 7 3 24 13 36 34 48 12 19 46 47 23 1 6 35 42 25 16 39 45 4 37 32 18 10 27 41 8 30 2 5 14 17 21 28 40 51
12 27 14 26 28 35 9 10 11 32 2 4 5 8 41 31 40 13 16 47 25 42 46 51 23 15 21 49 1 19 24 29 30 18 36 3 45 37 7 33 38 0 6 39 48 34 20 22 43 44 50 17
44 19 42 6 49 15 29 50 37 1 16 43 41 48 8 17 39 28 31 46 45 21 18 27 2 13 36 35 38 34 47 10 14 26 25 7 5 32 4 3 30 11 22 9 51 0 24 23 20 33 40 12
6 33 14 37 44 35 5 47 16 1 25 10 4 41 43 32 0 29 36 7 45 48 20 24 26 17 23 3 12 46 39 19 11 51 50 31 27 49 42 9 13 18 22 8 28 34 30 38 21 2 40 15
51 14 4 19 29 6 23 13 36 12 33 7 41 47 49 34 1 0 8 43 10 45 37 30 20 38 35 50 5 2 25 28 39 27 31 16 9 15 26 3 32 17 46 18 21 40 48 11 24 44 42 22
49 8 22 39 27 21 34 1 7 44 40 11 0 30 4 5 33 29 51 20 41 26 32 3 12 23 36 15 48 18 46 24 50 42 2 31 37 16 14 17 45 9 43 6 35 28 19 47 25 13 10 38
30 48 3 26 24 36 49 45 41 37 17 4 9 39 19 46 5 16 34 35 7 2 44 10 25 21 23 8 20 32 38 47 50 51 40 22 13 27 15 1 43 29 0 33 42 12 28 31 18 11 6 14
9 39 50 29 40 3 30 31 2 48 7 49 10 17 22 38 1 45 0 15 27 11 43 25 16 42 28 35 19 20 26 44 18 12 32 6 46 41 34 33 23 24 13 5 36 8 4 14 47 51 21 37
35 46 32 15 24 23 14 2 48 51 34 22 3 19 45 7 31 40 30 18 37 6 47 33 41 50 39 16 4 5 36 38 20 0 8 12 9 11 49 13 25 43 21 1 10 29 42 17 44 27 28 26
11 33 38 21 40 43 3 19 28 5 37 6 42 48 4 7 36 31 35 39 8 44 17 14 29 49 20 24 32 26 41 47 1 10 27 15 22 16 51 46 23 0 18 9 2 25 12 34 30 50 45 13
13 35 6 0 14 20 30 28 40 26 44 33 22 8 25 17 16 21 36 45 50 18 39 32 29 23 5 15 10 37 12 51 31 1 42 7 24 27 34 38 43 4 46 41 11 3 9 19 2 47 49 48
2 40 47 8 23 7 16 33 3 24 49 29 37 17 46 15 35 1 36 27 25 31 6 39 21 41 10 50 20 19 42 13 34 12 45 26 28 9 38 44 11 22 48 30 18 0 4 5 51 14 32 43
13 33 23 22 16 27 51 21 34 19 11 28 46 12 4 49 32 38 20 18 37 36 48 10 50 7 39 29 24 42 8 35 30 44 45 25 5 47 41 14 2 15 9 1 43 3 0 26 40 17 31 6
44 8 26 40 13 19 32 35 28 16 1 14 5 20 45 49 30 34 17 39 6 2 21 41 23 38 18 50 51 48 22 42 31 4 47 36 12 10 46 3 15 24 25 29 9 37 11 7 43 27 33 0
6 16 0 3 36 10 46 25 11 31 50 21 47 30 8 24 39 49 12 34 33 15 26 5 32 51 27 1 28 44 4 43 18 23 35 41 14 2 22 48 38 13 40 7 42 45 17 20 19 29 9 37
29 43 49 42 47 2 37 26 17 6 13 31 28 4 46 50 8 0 5 45 41 44 38 48 1 34 24 7 3 25 39 19 18 21 20 32 14 33 30 10 35 36 40 22 16 15 27 11 9 12 51 23
9 47 6 4 31 34 24 46 19 48 35 49 17 2 1 26 11 3 7 22 16 42 10 51 25 0 20 50 15 27 12 5 45 38 40 30 23 32 18 43 13 21 41 14 36 29 8 44 33 28 39 37
31 24 9 22 47 12 33 13 49 19 38 41 4 26 28 11 27 0 17 29 48 25 10 51 46 5 3 8 40 6 34 50 30 2 21 39 14 7 43 45 37 15 1 35 42 44 36 32 18 23 16 20
29 42 46 7 3 9 21 13 17 44 5 20 39 18 48 6 43 4 32 36 19 12 41 11 16 38 27 49 26 34 33 40 8 47 37 23 14 22 0 1 25 31 45 51 30 2 10 50 35 28 15 24
34 17 30 2 39 10 4 33 20 6 40 19 11 7 0 9 45 15 16 22 47 36 43 27 23 21 12 13 41 42 8 44 51 3 50 28 26 5 18 24 49 32 48 29 1 25 38 46 14 31 37 35
30 14 42 20 7 6 50 8 39 31 3 1 43 45 34 12 35 23 19 47 13 36 26 4 29 16 17 10 22 21 44 33 2 41 46 38 25 0 11 24 18 5 27 51 28 48 9 15 40 32 49 37
3 47 32 40 21 50 46 2 30 0 42 51 29 10 33 15 6 45 44 25 7 31 9 38 22 8 4 48 14 39 13 43 49 34 20 23 35 36 17 24 28 16 41 11 12 37 26 19 1 18 27 5
17 6 45 14 33 4 35 10 42 37 18 32 8 5 3 25 1 9 11 49 31 22 15 16 27 20 46 47 36 40 0 44 28 38 43 39 51 50 7 29 26 21 23 24 12 13 48 34 19 2 41 30
29 6 33 42 50 47 0 11 21 17 4 34 18 51 31 38 20 32 35 24 12 19 15 27 14 26 36 28 22 41 10 9 5 16 30 13 25 37 48 7 49 45 2 3 43 8 39 46 44 40 23 1
14 11 12 0 41 36 3 37 7 32 42 30 39 15 40 28 45 6 25 13 5 19 27 29 4 22 16 9 24 31 34 46 47 21 44 51 38 23 20 35 43 26 17 10 8 33 1 50 48 18 49 2
27 18 14 11 19 45 31 44 12 50 23 4 34 49 29 32 35 22 24 17 41 37 39 1 0 20 15 36 9 47 16 3 43 26 42 40 13 2 8 46 5 38 7 33 51 21 6 28 48 30 10 25
22 15 2 18 14 29 49 34 41 9 45 25 5 26 50 6 13 33 19 24 4 10 20 3 23 40 42 43 7 48 11 28 39 0 35 38 8 46 27 31 21 47 1 37 30 17 32 36 12 51 44 16
1 22 28 50 42 3 18 27 16 7 24 15 37 19 51 13 0 20 11 8 44 5 35 9 2 36 33 4 10 32 31 45 25 43 38 12 23 49 14 26 41 47 30 48 21 39 40 6 34 29 46 17
29 22 30 36 2 12 13 34 6 43 25 3 21 37 47 42 15 11 33 20 40 39 51 5 23 38 41 9 16 28 14 17 44 10 45 32 1 8 35 48 31 49 27 50 4 24 46 0 7 18 26 19
0 23 26 10 9 43 25 27 40 49 44 39 5 14 32 42 20 24 34 7 6 50 18 12 36 11 37 29 41 46 47 51 38 28 19 3 1 30 22 15 35 13 4 33 48 16 31 8 45 21 2 17
49 23 36 6 13 22 45 5 14 47 44 2 35 34 1 51 24 42 27 38 26 39 4 37 9 12 46 50 40 43 7 21 29 0 48 10 16 30 31 8 17 18 11 15 41 3 25 20 19 32 28 33
2 48 36 14 19 24 32 15 45 29 50 33 44 6 26 31 27 3 51 37 35 30 25 5 11 0 40 17 46 8 42 38 12 7 47 10 22 41 34 18 16 43 20 1 13 39 4 28 21 49 9 23
32 13 12 35 51 44 29 31 49 6 39 16 47 24 38 28 41 8 50 46 17 30 22 25 20 45 19 33 4 14 21 34 3 7 15 27 23 10 11 42 48 2 36 26 40 0 18 37 9 43 5 1
38 34 46 47 51 43 11 32 29 40 18 44 13 3 45 14 1 50 12 21 10 48 9 33 8 7 35 4 41 15 20 23 37 17 28 27 26 31 36 5 6 22 39 24 19 16 0 25 49 30 2 42
10 16 46 17 18 39 26 0 8 42 22 4 24 2 20 32 7 43 9 45 51 21 49 38 47 35 5 40 11 27 25 30 34 50 14 37 33 29 15 19 12 48 6 44 41 1 31 36 13 3 23 28
21 39 6 20 28 8 33 10 1 4 43 31 44 3 14 38 48 17 16 25 45 37 19 30 9 24 26 32 2 41 12 13 49 0 29 46 34 51 50 40 35 5 27 18 36 11 15 42 47 22 23 7
33 21 0 40 24 23 31 42 19 3 51 38 20 39 6 50 49 25 14 1 15 7 8 37 10 44 16 32 4 30 18 11 29 2 46 17 9 26 45 5 47 34 36 41 28 27 43 22 13 12 48 35
35 11 48 22 2 13 20 50 40 33 43 21 0 37 31 6 28 7 4 16 17 9 46 32 38 5 51 49 25 3 26 24 45 47 34 44 18 8 10 12 27 39 29 19 36 14 15 1 30 41 42 23
51 43 32 5 26 3 9 21 27 38 34 25 36 46 39 0 40 49 8 7 33 11 50 42 37 17 29 15 45 41 22 24 19 31 6 4 2 12 1 47 10 18 23 44 28 30 14 16 20 48 35 13
7 14 31 44 38 32 46 51 20 29 47 40 4 36 10 15 48 5 45 37 9 22 11 3 49 41 8 16 33 21 18 30 39 27 50 35 43 24 6 23 12 28 17 42 2 25 26 19 34 0 13 1
4 28 38 42 21 5 1 48 18 19 40 34 15 31 27 45 8 46 9 3 47 0 25 37 13 14 49 2 30 7 11 20 39 50 41 16 51 26 44 43 22 36 10 12 33 24 29 35 32 23 6 17
30 41 32 23 12 31 38 51 10 26 49 19 37 15 33 11 0 7 27 45 21 29 2 13 44 36 20 4 47 3 5 17 18 39 28 22 14 40 1 43 25 50 9 48 35 46 8 6 34 42 24 16
0 7 15 26 25 4 50 44 32 28 41 12 23 31 47 10 51 33 20 9 1 16 11 30 36 14 24 3 40 46 21 13 38 35 22 29 6 2 42 19 45 8 17 49 27 43 39 18 48 37 5 34
22 30 31 21 4 13 51 5 39 0 45 43 27 8 37 46 28 2 15 19 3 29 23 25 17 40 34 38 20 50 44 24 26 48 41 10 42 32 18 36 9 49 47 1 35 6 7 33 12 11 16 14
26 31 25 15 38 6 1 17 37 5 30 43 41 45 35 34 18 8 28 36 29 24 48 12 22 49 40 3 21 0 11 23 14 9 19 20 51 2 13 39 42 46 50 10 44 27 7 4 47 32 33 16
8 50 20 6 3 45 31 47 41 22 10 36 14 28 23 40 11 34 1 16 35 49 5 32 7 44 21 13 27 2 0 29 15 4 9 48 25 18 42 46 12 19 39 17 24 37 33 43 51 38 26 30
2 8 21 26 23 48 12 49 30 33 40 11 35 5 41 32 3 47 29 10 7 1 9 39 0 43 51 15 18 25 6 44 31 34 38 13 42 24 50 19 27 4 14 45 17 20 28 46 36 22 16 37
33 29 34 38 42 7 39 30 14 24 5 49 46 11 31 15 48 0 28 22 8 2 6 26 21 47 50 20 16 25 36 12 37 18 43 4 44 32 51 35 13 3 1 19 41 9 45 27 17 40 23 10
7 51 47 37 20 8 34 29 50 27 41 16 45 21 38 9 1 18 19 36 43 39 14 28 33 15 32 42 2 17 5 31 4 10 12 25 30 35 46 48 26 11 3 40 22 49 0 44 24 6 23 13
11 38 18 7 36 50 5 51 41 34 1 0 32 9 30 42 47 25 10 8 21 17 20 24 4 39 13 49 23 12 16 44 48 28 46 37 6 29 26 45 27 2 19 33 3 15 31 22 35 43 40 14
14 37 18 11 35 44 49 8 17 29 39 19 33 7 10 42 43 2 21 24 30 41 20 9 4 48 1 5 16 3 32 36 25 40 34 22 31 15 45 27 46 38 47 12 50 0 13 28 23 26 51 6
15 39 24 14 21 34 12 3 35 50 9 48 18 23 36 40 37 7 17 31 33 4 1 8 5 32 42 44 41 47 19 22 49 10 29 38 6 2 0 25 27 20 26 28 51 43 30 45 16 13 11 46
2 12 27 26 51 15 38 37 23 33 46 43 21 47 11 30 24 17 49 3 9 44 29 31 25 7 4 14 22 42 36 39 6 19 35 1 40 5 41 34 8 28 16 20 10 32 50 45 0 13 18 48
29 11 17 32 35 49 37 41 28 12 34 38 6 4 46 10 33 31 23 30 50 5 27 21 1 43 20 3 44 36 51 25 9 48 40 19 7 45 2 16 42 0 13 24 14 22 39 18 26 15 8 47
32 42 28 6 47 20 14 31 51 35 8 19 25 33 46 38 18 11 22 1 21 16 36 3 29 5 24 34 40 45 30 27 0 43 7 49 48 41 37 4 2 13 12 39 50 26 9 23 15 44 17 10
19 24 17 0 37 46 2 7 50 20 43 1 15 47 32 40 45 34 27 26 30 28 5 48 18 39 13 12 22 21 38 49 44 31 9 25 10 42 35 8 4 6 29 16 36 14 33 23 41 11 51 3
1 9 8 33 27 13 46 5 43 35 48 45 42 37 21 51 11 29 47 38 24 4 2 39 28 44 40 17 16 31 14 23 30 34 19 50 0 6 7 49 36 18 20 12 15 3 10 22 41 26 32 25
0 29 17 38 7 49 45 48 16 37 46 32 5 6 23 40 19 33 18 47 36 44 13 10 15 39 12 20 3 26 43 22 4 41 51 35 11 21 9 24 31 34 14 27 42 30 2 25 1 28 8 50
16 20 7 14 19 39 51 34 29 15 44 0 49 12 5 41 36 3 48 33 2 50 4 35 13 37 10 32 6 27 30 18 21 43 11 9 24 31 25 40 45 28 1 22 38 17 42 26 23 47 8 46
29 40 28 15 19 8 47 48 42 3 7 2 5 17 35 33 45 6 23 22 49 9 1 46 27 34 26 12 30 37 43 11 10 16 51 25 13 24 41 21 38 4 31 0 39 18 32 50 14 44 20 36
49 48 2 51 42 20 41 46 0 11 33 50 3 47 22 43 30 38 4 40 31 9 27 8 39 16 32 34 29 12 13 45 25 15 24 7 37 17 35 19 28 1 6 10 18 14 44 21 5 26 23 36
36 51 25 20 47 6 0 39 50 19 34 48 11 1 31 30 5 46 18 7 43 13 29 12 14 2 17 24 42 32 27 37 10 40 41 16 8 49 3 23 22 45 15 44 9 33 26 21 38 28 35 4
36 13 14 44 43 1 10 12 50 26 39 45 27 3 33 48 28 17 37 9 7 8 38 20 19 40 32 24 49 0 22 23 4 42 2 5 21 41 47 18 51 16 11 46 29 25 35 15 31 6 34 30
14 0 25 8 26 40 19 20 6 35 45 10 16 3 28 2 38 48 23 18 29 11 50 44 41 4 34 7 24 32 49 1 39 12 42 31 33 9 5 43 13 15 27 22 47 51 36 37 21 30 46 17
2 39 41 22 34 11 8 20 33 30 17 5 29 13 14 48 19 50 49 7 3 9 45 24 51 4 23 47 28 1 15 27 32 44 0 6 10 26 46 37 40 21 35 16 31 36 38 18 42 43 25 12
27 12 14 8 6 51 5 43 38 24 0 19 15 31 29 36 33 50 32 2 16 11 22 4 17 30 46 21 20 23 7 9 34 39 25 1 35 37 40 10 13 3 47 48 45 26 49 41 28 42 44 18
26 13 28 4 10 46 0 41 11 16 34 45 47 44 49 35 21 51 36 37 48 22 2 9 40 29 39 20 7 25 23 42 14 32 6 38 27 15 18 43 33 24 12 8 1 5 19 17 50 3 30 31
47 27 36 16 50 26 46 48 9 43 33 34 22 42 39 41 29 11 5 30 37 0 4 18 6 21 10 40 45 13 20 44 14 1 19 8 35 24 15 38 49 2 25 23 31 32 17 28 51 12 7 3
5 35 44 34 19 20 17 42 3 9 46 15 13 33 2 32 12 40 0 45 39 8 30 51 11 27 16 36 1 47 26 25 41 48 18 6 31 10 14 23 4 49 22 29 38 43 37 28 24 21 7 50
34 6 21 46 17 31 26 51 44 37 10 12 19 3 11 7 40 45 36 47 16 32 49 22 48 27 35 28 5 50 13 24 39 8 23 14 25 33 0 15 18 42 30 1 20 2 29 38 43 41 9 4
12 40 5 1 27 43 28 13 26 3 50 48 22 29 35 34 33 32 42 8 16 30 15 38 20 21 44 36 37 11 0 14 41 49 7 47 17 45 23 18 9 51 2 6 4 46 25 39 24 19 10 31
17 2 38 36 32 8 47 3 44 24 43 6 35 7 4 22 27 50 5 45 13 39 31 26 16 37 19 23 11 9 34 15 51 41 33 42 12 14 49 10 0 18 25 46 30 28 1 29 20 48 40 21
18 37 14 32 19 1 39 41 9 26 50 29 7 38 15 40 4 47 23 27 17 13 42 45 25 3 31 33 8 28 51 0 34 24 11 48 35 20 44 6 49 5 2 16 36 12 30 22 46 21 43 10
