33 37 19 41 38 26 17 3 23 25 15 51 5 1 18 28 32 48 34 39 46 36 8 45 10 24 6 20 43 42 13 16 30 7 40 35 11 12 4 47 29 9 27 31 22 2 0 14 49 44 50 21
9 40 2 21 51 12 17 34 43 19 29 28 10 41 0 33 31 48 5 49 15 6 23 27 16 39 35 50 37 47 3 46 24 7 25 32 18 42 36 13 30 20 14 22 4 44 1 26 38 11 45 8
27 47 28 19 24 33 37 49 45 3 30 44 32 6 21 43 29 13 16 14 1 41 17 23 51 50 38 12 26 9 11 18 15 31 34 25 22 42 48 5 20 0 39 7 35 10 8 2 40 36 4 46
27 41 23 51 44 26 32 10 7 18 33 2 36 38 17 9 29 15 25 45 0 12 48 43 37 49 14 46 50 13 8 11 21 35 22 31 40 1 42 30 20 24 47 34 6 39 3 5 19 4 16 28
51 37 28 49 15 17 29 12 25 7 6 5 2 36 13 41 9 38 43 22 8 46 33 42 4 31 19 35 45 48 39 20 3 26 23 34 14 32 40 30 18 11 47 24 21 50 1 16 27 44 10 0
4 44 11 35 22 27 2 8 51 9 0 6 16 34 24 31 30 1 19 40 18 49 10 17 15 7 26 42 43 29 45 25 36 21 46 41 14 50 20 5 32 39 28 33 13 38 23 12 37 47 48 3
37 24 43 4 6 38 30 25 48 51 21 10 20 0 44 32 15 18 9 12 7 11 17 40 49 39 34 1 41 35 26 28 29 27 23 31 3 16 5 19 42 46 45 8 22 36 14 13 33 50 47 2
11 41 49 43 21 18 19 40 16 7 36 10 13 32 28 9 46 2 50 45 34 25 17 6 51 8 27 24 47 39 37 20 5 30 33 29 31 1 42 48 15 23 14 38 4 44 22 3 35 12 0 26
6 15 32 2 30 29 14 12 3 51 47 7 17 4 46 18 24 31 11 28 16 36 10 21 5 34 38 43 41 8 20 45 44 48 23 39 42 9 49 50 1 33 40 0 19 26 25 13 37 22 35 27
14 34 8 25 19 32 22 18 0 39 5 48 33 23 29 1 20 16 37 21 12 13 28 43 24 26 49 15 38 44 45 10 11 30 31 2 27 40 17 42 50 46 36 47 7 41 9 4 6 35 3 51
28 1 26 15 33 31 23 19 11 25 18 14 47 0 34 9 46 16 6 50 29 45 13 5 51 7 17 12 39 21 40 24 22 20 8 4 36 27 42 37 2 43 48 10 44 49 35 38 41 3 32 30
27 37 14 19 46 18 38 7 42 35 43 12 10 1 31 6 29 39 24 34 40 45 33 25 21 13 32 20 41 16 50 36 3 9 28 23 26 5 11 8 15 51 47 0 49 2 44 48 17 30 4 22
4 49 43 24 1 32 26 16 28 46 3 51 7 11 48 44 38 33 34 42 30 35 45 14 22 21 36 2 40 37 27 50 8 12 25 29 6 39 10 23 47 18 17 13 31 19 41 9 0 5 20 15
34 30 50 5 27 15 39 0 20 47 2 40 36 23 31 28 35 21 17 26 29 33 48 45 3 22 42 12 37 19 7 18 25 44 10 38 1 51 14 11 24 46 9 49 41 43 4 6 8 32 16 13
7 24 34 10 35 6 46 13 49 17 51 33 47 44 27 25 15 32 22 50 36 2 45 29 26 43 16 40 12 37 19 20 41 5 4 23 0 31 39 21 14 9 30 3 18 42 11 38 48 8 1 28
16 5 35 31 2 1 6 33 12 18 38 49 4 40 36 44 10 14 15 3 8 26 7 47 21 39 27 28 42 46 48 41 0 50 29 9 22 17 45 23 43 24 13 25 37 32 34 11 19 51 30 20
7 40 28 15 50 30 29 5 44 51 47 24 42 9 17 35 36 34 37 3 22 2 32 12 49 26 41 48 27 8 11 0 25 1 21 4 38 10 13 39 45 16 31 46 18 19 43 20 6 14 23 33
22 41 21 31 37 7 28 10 48 12 50 40 32 44 30 6 43 42 15 33 45 35 26 23 11 8 19 2 14 49 51 18 5 4 25 0 1 16 20 34 13 39 46 17 36 29 38 3 47 24 27 9
24 2 3 13 0 50 39 42 51 11 1 23 25 36 5 10 22 21 26 15 17 40 29 33 8 27 6 43 16 49 31 34 30 19 45 48 14 46 41 12 20 18 35 38 9 28 4 47 32 7 37 44
5 14 12 26 50 6 32 1 25 27 24 4 51 39 46 19 22 9 48 44 41 31 7 42 49 45 40 37 33 21 8 2 3 29 30 36 10 0 18 16 23 38 34 35 28 47 43 20 13 11 17 15
32 26 36 18 9 13 4 17 21 8 6 3 43 39 37 27 45 31 16 51 12 14 47 46 2 40 35 22 15 28 33 42 49 0 44 41 50 25 20 24 30 10 48 5 23 29 7 1 38 11 34 19
25 29 21 49 3 0 48 31 42 30 26 23 36 7 28 45 2 5 33 41 37 24 35 34 15 19 12 22 50 20 18 4 32 6 46 13 1 44 38 16 14 8 43 17 27 11 40 47 51 39 10 9
21 17 4 8 6 42 23 18 39 40 30 12 37 3 7 31 25 19 27 45 50 48 16 36 2 24 29 5 0 33 9 13 49 28 41 38 32 43 47 1 44 10 20 15 51 11 46 34 26 22 14 35
2 34 17 39 7 4 8 35 46 32 36 24 10 49 18 12 15 48 28 14 51 9 45 25 19 33 16 44 13 23 30 5 41 1 3 26 47 0 20 38 29 11 50 40 27 21 6 22 31 37 42 43
42 19 26 2 14 36 46 10 17 16 39 37 9 11 22 49 33 21 32 7 20 35 12 44 5 45 0 24 30 27 1 18 38 43 40 28 23 34 50 3 25 29 51 15 47 31 13 48 4 8 6 41
9 27 7 2 48 37 31 25 42 51 44 13 5 15 17 18 38 20 6 35 46 11 32 40 12 34 28 0 10 49 43 24 19 1 22 45 50 14 26 4 3 16 21 41 29 23 8 30 47 39 33 36
41 19 28 37 50 48 12 30 44 43 31 45 24 17 7 16 14 6 32 9 21 5 3 36 26 15 29 10 18 20 25 42 23 46 39 47 34 22 35 1 11 8 33 0 38 40 4 13 2 51 49 27
8 41 34 35 20 24 47 6 45 15 16 29 4 38 50 40 32 31 26 7 17 0 12 28 37 1 25 23 43 5 9 42 48 19 33 27 30 18 13 49 36 22 21 46 10 11 2 14 44 3 51 39
11 17 21 9 30 12 43 16 48 4 46 8 40 35 29 37 28 33 32 15 3 5 41 20 19 23 22 25 51 39 45 42 18 14 47 50 44 26 10 49 38 13 36 34 31 1 0 7 6 27 2 24
29 34 13 44 17 12 18 22 40 0 48 10 27 38 14 24 6 30 2 39 15 25 49 11 50 36 21 43 31 1 32 20 4 47 19 37 3 35 9 16 51 26 7 45 41 42 33 46 28 23 8 5
41 42 14 23 32 7 6 8 21 36 28 9 20 45 4 0 22 16 49 35 2 51 25 19 50 12 39 3 40 38 33 30 10 15 43 11 46 31 18 27 26 1 13 48 37 24 5 17 47 34 44 29
17 43 2 15 45 20 39 14 4 42 38 6 21 36 31 30 3 32 19 5 1 11 7 51 46 22 26 24 47 29 18 44 28 41 50 12 8 23 33 13 27 37 49 16 25 10 48 35 0 34 40 9
10 9 37 13 50 6 38 23 4 8 18 41 22 5 34 51 26 44 46 25 7 31 30 20 21 15 16 24 42 36 32 49 27 35 11 39 33 1 45 29 3 17 28 40 43 19 0 12 47 48 2 14
20 27 48 10 24 2 15 45 12 9 13 29 14 31 22 21 16 32 5 35 6 30 51 28 3 41 49 0 34 4 33 39 43 1 37 19 23 7 44 18 36 47 17 8 42 50 38 46 26 11 25 40
30 0 36 21 13 5 1 48 18 24 23 9 2 38 43 27 7 37 47 51 8 50 33 20 29 11 12 3 14 17 34 28 44 45 6 42 15 16 49 4 41 31 46 22 25 40 39 35 26 19 10 32
11 9 51 28 46 23 47 25 22 37 44 35 21 13 45 19 18 14 16 36 3 39 30 27 40 5 12 20 38 6 49 42 0 43 33 41 1 7 4 8 17 34 24 15 2 29 10 50 31 48 26 32
27 40 39 12 8 0 14 38 10 17 11 2 24 49 13 34 47 28 3 31 44 43 18 37 7 45 16 42 4 5 35 30 29 19 1 32 23 20 36 51 33 15 21 6 9 50 25 48 26 22 46 41
49 29 30 0 8 6 7 45 35 43 13 31 34 40 48 51 23 11 26 22 15 20 2 21 37 32 10 36 4 28 3 27 46 16 33 50 9 18 42 39 25 5 47 14 44 41 38 12 19 24 1 17
51 2 22 37 49 48 28 5 0 33 24 16 47 4 25 11 26 30 8 23 13 10 15 35 31 41 3 40 18 14 20 43 50 21 34 44 39 36 7 46 1 42 32 12 17 9 38 19 27 29 6 45
44 3 25 32 28 51 24 17 14 20 11 19 49 45 18 42 13 22 34 31 27 41 6 38 46 23 30 12 9 47 26 16 2 0 50 15 21 39 33 36 43 4 7 37 8 29 5 40 1 10 35 48
40 19 21 15 1 13 48 0 22 35 33 28 41 16 30 9 7 23 38 6 49 34 32 39 29 20 10 44 2 26 45 36 42 47 4 37 5 43 46 31 8 14 11 25 24 18 3 17 50 27 51 12
3 26 35 11 28 7 17 45 19 0 23 12 13 31 46 41 6 29 38 39 27 5 21 20 30 2 9 33 24 16 50 22 49 44 40 25 32 10 34 18 4 43 42 14 1 48 37 36 51 15 8 47
46 28 26 29 49 27 16 21 10 24 8 35 41 15 19 13 43 3 42 34 45 7 44 33 6 5 37 30 38 23 11 20 47 22 9 12 32 25 31 0 39 2 14 18 51 50 1 17 40 4 36 48
12 37 21 41 14 13 7 45 23 24 34 49 47 51 39 35 29 48 8 4 19 27 20 16 43 44 26 11 2 32 5 46 33 18 3 15 25 42 36 0 1 30 38 6 28 40 17 10 22 9 50 31
36 37 6 15 21 17 44 29 19 49 1 45 13 5 26 30 33 23 20 51 10 47 16 40 46 38 48 28 35 8 2 43 11 32 12 7 39 22 0 27 18 42 14 31 50 25 24 41 9 4 34 3
5 36 22 35 17 43 23 4 29 44 1 10 9 48 38 46 37 26 12 8 20 40 41 30 7 50 2 49 45 3 19 0 13 24 18 32 25 51 39 28 33 31 21 16 11 47 42 34 6 27 14 15
20 18 44 9 42 7 51 15 0 17 50 21 29 11 25 33 19 40 28 26 1 27 43 48 38 13 22 35 36 14 31 32 46 30 12 10 2 4 8 45 5 39 41 49 47 6 23 24 3 37 34 16
26 17 22 9 34 46 11 30 42 13 44 25 24 20 4 2 1 15 41 38 3 37 7 47 14 32 33 45 8 43 10 16 5 50 21 31 28 48 51 39 27 18 49 29 23 19 12 6 35 36 40 0
14 38 11 35 43 16 44 29 31 5 33 9 7 34 30 28 18 0 19 36 3 46 24 22 32 10 39 45 25 40 15 2 50 6 12 49 42 51 21 27 41 23 37 47 8 13 4 26 20 17 1 48
48 5 36 15 27 8 34 26 32 18 24 28 31 22 39 7 45 13 9 49 6 21 25 47 29 12 14 30 33 40 37 23 0 2 51 42 19 4 3 38 50 1 41 44 17 11 16 20 35 43 10 46
33 46 8 22 29 39 25 9 40 48 19 20 27 42 18 1 17 50 0 13 44 37 47 28 38 23 2 5 43 45 6 51 32 16 34 30 35 14 36 12 26 41 11 7 31 49 3 15 21 24 4 10
9 11 41 48 29 38 22 32 7 15 27 25 6 2 8 42 47 21 17 28 30 35 50 51 33 23 0 3 14 46 26 24 5 44 40 20 4 12 31 18 10 43 13 19 36 45 49 39 34 37 1 16
38 39 47 33 6 14 25 44 5 10 3 35 30 28 22 24 34 0 9 19 27 49 8 48 20 26 41 46 36 21 1 43 17 18 40 7 42 23 51 11 4 50 12 13 16 2 31 29 45 37 32 15
45 9 46 2 38 34 35 23 37 51 41 50 47 28 44 12 42 26 24 1 8 25 19 32 10 16 48 18 21 6 13 31 17 39 30 11 5 36 4 3 29 22 14 49 40 7 0 15 20 33 43 27
40 6 42 41 26 27 44 22 13 15 29 51 34 37 16 11 24 39 36 32 35 19 10 17 23 8 21 7 28 47 31 1 18 30 38 46 43 48 25 9 2 45 49 14 50 0 4 5 33 12 3 20
5 44 37 40 33 39 6 3 41 7 11 13 25 38 26 19 16 29 8 4 42 12 21 24 1 50 47 14 35 48 22 23 45 15 20 30 9 36 51 27 28 34 49 17 2 31 43 32 10 0 18 46
37 48 32 24 50 33 34 14 12 25 44 43 11 42 40 27 45 38 46 5 28 16 36 41 19 17 22 0 49 4 23 3 15 51 47 26 29 39 10 18 20 21 8 35 1 2 6 9 30 13 31 7
28 16 7 38 25 50 47 24 33 29 12 8 26 45 0 21 11 30 40 39 2 1 35 20 44 37 36 42 22 10 9 41 27 18 15 31 14 49 4 48 34 3 43 13 51 17 6 19 46 32 23 5
7 22 4 48 28 2 23 39 0 17 31 49 10 36 47 27 51 3 13 18 30 34 35 40 33 41 26 50 12 46 42 32 15 38 14 16 9 45 1 21 29 37 8 19 25 24 44 11 6 43 20 5
3 2 15 19 25 51 29 20 33 45 12 28 9 35 50 42 36 1 26 8 47 6 21 11 46 13 22 18 34 41 48 24 37 40 39 7 16 10 32 38 43 44 14 27 49 31 5 30 4 23 17 0
21 13 18 12 20 27 39 31 49 11 24 37 30 9 19 4 5 40 6 0 33 15 8 22 50 44 16 29 23 1 26 48 25 51 47 45 28 3 36 17 42 43 46 34 14 7 2 32 10 38 35 41
29 48 7 4 22 20 37 16 49 46 39 12 34 25 40 21 13 19 27 9 6 44 24 1 26 18 50 8 51 14 2 28 33 38 0 45 35 31 41 3 42 15 23 10 36 47 32 5 11 17 30 43
11 14 48 47 30 23 2 39 35 29 12 42 21 4 1 50 44 34 7 22 19 13 5 20 28 32 16 17 43 0 37 27 31 8 40 18 15 36 51 6 49 33 9 41 38 24 45 46 3 26 10 25
3 45 42 21 20 12 11 13 47 10 40 8 7 27 15 24 17 19 32 6 43 38 41 29 22 28 37 25 50 39 5 1 2 16 4 23 33 35 36 26 34 51 31 9 49 18 48 14 0 46 30 44
7 44 8 49 48 17 25 39 16 33 15 28 18 41 13 51 10 36 31 38 26 2 3 19 6 43 40 35 20 5 32 47 27 12 30 37 14 34 22 29 46 9 42 11 45 1 24 4 50 23 0 21
46 42 34 6 38 51 0 31 12 9 19 37 40 43 39 49 45 3 5 30 11 10 22 23 50 33 24 20 14 28 48 7 47 44 29 27 32 4 15 2 13 1 41 8 18 25 26 35 21 16 17 36
0 39 22 29 25 18 37 15 3 13 46 48 45 38 1 33 23 41 51 35 10 24 16 44 47 2 36 20 26 17 14 6 11 21 28 27 7 4 19 50 42 34 49 5 9 32 12 8 40 31 30 43
24 43 31 15 1 40 12 39 48 35 30 33 19 34 29 17 51 3 13 10 41 25 21 0 50 23 20 6 2 16 36 4 11 18 14 7 42 38 8 22 37 5 27 9 47 44 49 32 28 45 26 46
28 17 16 50 32 35 51 27 14 42 47 43 1 29 37 26 33 21 4 2 23 24 49 46 12 30 41 44 0 25 48 34 20 9 5 38 8 3 6 13 18 39 31 40 45 19 10 15 11 36 22 7
0 13 14 49 42 17 51 41 44 3 8 43 47 35 9 48 34 26 20 7 36 19 11 21 28 5 12 1 39 38 4 25 32 50 15 37 30 33 24 27 18 40 29 46 45 2 10 23 16 31 22 6
26 5 32 13 16 9 37 14 4 45 31 40 33 15 8 39 34 10 44 28 41 0 43 12 38 2 18 42 30 35 6 27 20 36 50 7 24 47 22 25 49 11 19 48 17 23 1 29 21 51 3 46
34 3 39 7 15 24 49 26 31 47 50 14 32 42 1 33 25 21 22 11 2 23 46 29 48 37 40 30 12 19 20 43 16 6 10 8 0 36 45 28 18 41 4 27 17 9 13 44 38 5 35 51
10 17 12 30 25 43 31 21 37 9 0 15 44 46 5 23 1 39 16 32 24 38 4 13 8 26 27 7 50 22 14 45 3 48 36 34 2 40 33 41 47 51 19 6 11 42 20 35 18 29 49 28
8 27 5 28 42 43 50 18 10 13 37 11 36 48 26 1 14 19 39 40 25 34 29 0 45 44 31 7 21 12 35 49 46 20 6 23 16 33 17 24 41 22 47 4 32 51 3 38 15 30 2 9
15 21 5 12 10 1 0 42 14 23 44 19 51 33 34 29 25 6 17 8 41 36 50 2 28 49 40 35 48 30 45 31 38 7 27 37 16 22 20 24 39 18 13 26 4 32 3 11 47 43 9 46
5 6 9 8 0 49 12 17 48 24 44 4 30 14 34 51 41 1 39 18 19 23 29 28 2 47 7 13 25 16 10 21 35 22 43 32 3 40 38 31 50 46 11 37 15 33 26 45 42 20 27 36
18 45 23 19 5 33 16 47 30 0 4 8 48 1 49 28 10 20 6 24 51 21 9 13 38 2 40 22 29 17 15 50 37 14 42 36 31 12 3 26 43 11 34 41 44 32 7 35 39 27 25 46
43 36 44 6 21 5 46 1 18 41 8 45 7 42 38 4 25 30 9 19 39 40 35 3 2 23 37 51 50 27 34 12 11 48 16 13 32 20 49 28 22 47 29 10 17 26 31 0 14 24 15 33
11 34 21 0 45 39 50 30 26 25 48 33 13 29 51 49 3 18 37 2 4 35 8 31 10 38 46 47 9 41 20 14 32 6 7 44 19 12 24 28 36 42 17 15 5 16 40 23 27 22 1 43
12 41 32 45 31 27 23 6 44 35 34 1 13 17 26 38 33 25 46 19 2 40 14 51 9 24 7 10 11 42 37 22 8 29 39 30 5 18 20 48 15 49 16 3 50 4 36 0 21 47 43 28
41 35 36 51 19 25 50 49 21 31 2 6 20 27 28 5 14 23 22 44 4 18 46 10 26 33 24 0 16 1 34 38 7 42 9 8 29 43 13 32 40 17 45 37 39 11 12 30 3 15 47 48
51 50 18 17 12 13 41 16 1 36 11 0 27 22 32 20 35 45 25 44 33 49 19 4 31 28 39 47 26 46 34 14 9 43 8 2 38 42 7 5 40 6 23 48 29 37 21 10 24 30 3 15
14 4 44 11 46 9 12 8 36 25 24 28 43 5 18 29 48 33 40 30 38 20 42 41 37 51 0 39 23 7 35 49 50 21 19 45 2 32 6 34 47 1 31 26 27 17 16 3 22 10 15 13
50 14 4 22 36 49 19 8 34 26 2 9 29 12 13 41 15 27 30 45 43 37 48 31 5 11 38 42 3 1 51 16 6 0 10 32 23 33 7 28 47 46 18 21 24 20 44 35 25 39 40 17
15 46 28 29 42 0 49 45 8 31 37 30 10 24 41 26 17 35 32 3 16 7 47 23 21 18 38 14 11 22 48 51 25 9 5 27 44 40 13 6 39 36 19 2 50 4 33 34 20 12 1 43
22 45 13 9 19 34 1 8 49 32 50 11 4 3 25 44 40 6 51 2 27 10 31 7 23 15 0 18 5 35 21 12 36 41 33 29 17 30 48 28 46 39 20 24 37 16 26 14 42 38 47 43
19 31 44 13 30 15 48 16 33 45 47 42 8 10 28 12 24 25 34 5 11 35 3 50 18 37 26 49 32 6 38 51 36 21 0 22 14 17 29 2 27 4 1 40 9 39 46 43 20 7 23 41
19 5 4 11 6 12 22 20 7 45 17 36 1 3 14 41 25 37 42 51 50 27 26 46 18 8 39 48 31 2 21 10 23 35 44 33 9 47 28 29 49 34 16 24 15 32 40 0 38 13 43 30
8 1 29 26 5 14 42 36 38 15 30 7 23 50 13 32 31 51 21 6 9 45 48 28 0 11 16 39 4 19 41 34 40 49 35 22 44 2 43 33 17 37 12 46 27 47 10 24 20 25 18 3
14 21 42 23 29 5 49 51 19 45 0 27 40 43 41 9 15 1 6 3 44 13 47 16 38 26 39 4 7 30 50 34 20 25 17 22 12 11 10 46 18 36 8 48 32 28 31 2 24 33 37 35
28 43 51 23 34 38 21 9 47 19 17 24 35 16 48 0 6 5 50 37 33 41 13 12 42 31 14 46 26 27 8 22 4 32 49 20 15 36 1 2 29 7 10 3 11 40 39 30 45 25 18 44
51 25 35 36 41 33 24 20 47 18 49 1 5 14 17 2 34 21 38 16 29 46 11 4 15 42 23 39 30 45 0 22 12 8 9 19 26 13 7 40 6 44 50 48 43 37 10 28 27 3 32 31
29 15 42 9 21 26 14 1 12 20 6 4 19 22 31 25 34 50 41 33 35 46 49 8 48 30 24 38 10 2 43 32 16 0 17 37 36 40 7 28 45 3 47 27 11 39 44 5 51 18 23 13
15 25 0 17 35 46 28 18 3 19 33 40 45 11 42 9 13 6 29 31 20 36 16 8 47 4 12 38 10 21 39 27 37 5 1 48 32 23 43 22 24 2 34 50 51 26 14 41 44 30 49 7
5 44 0 16 51 47 41 23 29 34 7 48 24 40 45 49 33 19 30 32 18 4 36 31 11 17 21 37 25 28 39 3 1 15 50 20 38 46 8 26 10 42 12 22 13 2 14 6 27 43 35 9
43 5 33 35 51 27 44 9 26 47 41 17 31 34 39 45 21 48 16 30 0 22 20 29 32 38 49 40 15 12 36 13 10 50 8 6 11 24 3 4 42 37 14 2 25 46 7 23 18 19 28 1
9 19 10 36 33 2 35 18 21 51 16 32 50 24 20 3 41 34 26 47 6 30 17 48 39 49 46 43 1 23 40 4 13 14 12 0 29 5 25 11 38 44 45 7 27 31 42 28 8 22 37 15
13 11 18 24 4 3 21 28 10 44 46 40 51 23 38 25 7 5 32 36 33 15 8 9 30 0 35 45 16 26 43 12 14 47 41 29 37 48 1 49 50 27 20 31 39 2 17 19 34 42 22 6
35 25 39 26 11 7 21 24 14 3 9 22 49 50 2 36 1 41 8 29 45 5 23 16 34 27 48 46 44 47 15 37 42 31 38 20 18 43 19 4 17 40 28 6 51 32 12 10 30 13 33 0
44 28 38 32 40 19 47 12 26 36 1 21 30 35 18 27 42 45 34 24 0 11 17 22 5 39 6 51 48 25 3 50 16 31 43 20 13 15 46 29 7 37 4 8 9 10 49 23 41 14 33 2
